528
548
414
446
552
154
174
348
542
44
370
546
204
404
240
364
612
512
376
468
410
218
322
580
188
36
546
68
84
94
8
618
314
156
150
580
118
360
458
168
108
44
334
276
196
502
212
250
270
332
150
416
366
40
540
248
34
480
198
488
86
524
28
324
198
146
158
416
102
482
82
88
560
180
606
456
102
470
254
170
386
384
152
542
36
474
126
534
154
592
186
234
88
60
136
472
240
102
342
566
568
42
154
496
358
448
242
292
364
362
258
100
86
106
52
230
334
378
136
464
532
166
522
210
140
346
218
560
526
174
258
52
36
306
552
62
450
570
268
78
208
570
534
552
224
408
520
622
518
106
510
298
62
224
380
236
120
418
206
288
568
34
484
226
74
276
588
288
410
506
598
312
56
300
134
4
500
438
312
598
320
236
562
74
498
278
394
148
232
252
202
160
356
192
118
576
316
462
42
336
490
14
210
448
342
340
388
514
144
146
566
128
184
488
454
82
70
222
240
412
590
592
276
452
256
372
200
232
466
586
442
434
238
390
26
510
282
306
474
324
146
112
434
508
104
294
480
558
292
578
392
552
80
538
392
340
272
266
376
280
516
178
572
154
262
6
348
506
178
526
444
274
132
300
236
344
38
30
300
86
10
344
428
400
350
236
336
616
380
58
492
556
434
368
382
166
70
380
34
24
126
378
484
588
208
168
406
238
596
218
182
220
406
64
372
506
218
144
450
548
362
362
214
110
600
106
148
574
622
320
36
258
266
480
414
168
478
224
182
326
466
60
140
90
264
188
446
606
316
142
442
354
162
256
574
408
550
170
388
390
250
536
228
84
140
484
598
356
314
324
370
166
62
506
426
454
570
376
572
606
278
302
190
230
200
528
18
458
514
616
298
162
472
56
182
564
572
596
64
546
554
388
376
304
122
160
132
624
426
162
502
508
140
328
576
446
160
490
2
138
284
452
414
540
210
350
382
2
598
72
460
316
20
32
546
320
54
330
92
480
274
22
304
468
424
40
164
268
446
228
384
390
308
374
386
94
262
68
270
400
360
122
468
188
352
342
42
616
442
558
394
28
476
258
280
542
504
302
14
498
368
46
142
452
510
238
232
6
50
278
68
584
504
282
44
410
290
554
84
66
8
484
402
196
618
418
126
268
92
290
562
280
488
578
80
58
78
418
246
96
234
530
568
396
22
28
502
12
216
522
332
518
176
70
556
248
538
204
604
528
456
624
284
26
94
486
192
372
104
374
314
354
294
378
290
408
56
190
492
408
594
208
2
466
122
112
46
284
538
392
458
464
298
336
582
554
200
186
34
212
52
620
492
610
282
520
540
244
584
84
246
562
172
166
264
130
114
204
76
390
54
244
490
494
62
158
518
358
104
260
318
348
614
144
78
494
576
24
22
40
466
112
220
442
436
256
494
416
132
468
344
608
358
418
430
130
128
90
364
296
260
228
232
190
234
170
118
486
204
142
582
536
32
388
334
420
292
352
564
14
152
144
426
248
566
28
106
472
526
302
382
222
610
522
316
338
328
56
222
186
554
392
108
514
48
12
46
0
462
76
10
548
112
124
360
490
368
96
230
496
366
86
496
482
326
278
114
70
276
198
590
496
16
476
370
536
602
38
422
72
424
146
32
182
608
474
206
514
600
420
208
538
110
130
288
430
532
338
202
120
534
262
216
354
430
266
396
318
164
310
478
532
238
194
384
242
432
422
518
272
12
478
428
614
138
96
398
54
174
566
188
488
194
602
318
432
524
30
88
172
510
272
558
494
374
572
288
16
78
542
132
544
504
60
356
340
414
286
438
588
50
438
556
244
500
92
274
350
152
472
440
214
230
80
550
512
458
68
254
588
172
454
612
368
508
240
48
184
558
164
436
134
196
156
124
530
116
430
326
44
482
582
520
142
470
562
532
94
4
366
456
524
464
398
98
402
412
148
66
308
16
312
212
486
596
226
356
170
294
308
138
364
416
402
302
348
582
176
254
614
322
586
246
526
158
460
452
330
322
82
462
520
304
90
320
160
464
10
594
402
